00000000  1B 05                                            ..              
	00000000  30 03                                            0.              

00000000  46 4E 30 03 54 42 35 30 2C 30 03 5C 33 30 2C 33  FN0.TB50,0.\30,3
00000010  30 03 5A 36 30 36 36 2E 30 30 2C 36 30 36 36 2E  0.Z6066.00,6066.
00000020  30 30 03                                         00.             

00000000  46 58 31 03 21 38 03 46 43 31 38 03 46 45 30 2C  FX1.!8.FC18.FE0,
00000010  30 03 46 46 30 2C 30 2C 30 03                    0.FF0,0,0.      

00000000  4D 31 37 35 2E 32 34 2C 35 37 37 2E 30 38 03 44  
M175.24,577.08
D157.96,587.14
D678.70,884.62
D675.96,284.92
D157.96,587.14
D175.32,597.06
00000010  31 35 37 2E 39 36 2C 35 38 37 2E 31 34 03 44 36  
00000020  37 38 2E 37 30 2C 38 38 34 2E 36 32 03 44 36 37  
00000030  35 2E 39 36 2C 32 38 34 2E 39 32 03 44 31 35 37  
00000040  2E 39 36 2C 35 38 37 2E 31 34 03 44 31 37 35 2E  
00000050  33 32 2C 35 39 37 2E 30 36 03                    

00000000  1B 05                                            ..              
	00000000  31 03                                            1.              

00000000  1B 05                                            ..              
	00000000  30 03                                            0.              

00000000  46 58 35 03 21 31 30 03 46 43 31 38 03 46 45 30  
FX5
!10
FC18
FE0,0
FF0,0,0
L0
\0,0
M678.70,30
SO0
FN0
TB50,0
00000010  2C 30 03 46 46 30 2C 30 2C 30 03 4C 30 03 5C 30  
00000020  2C 30 03 4D 36 37 38 2E 37 30 2C 33 30 03 53 4F  
00000030  30 03 46 4E 30 03 54 42 35 30 2C 30 03           

00000000  1B 05                                            ..              
	00000000  31 03                                            1.              
00000000  1B 05                                            ..              
	00000000  31 03                                            1.              
00000000  1B 05                                            ..              
	00000000  30 03                                            0.              
